10
0 41
1 17
2 34
3 0
4 19
5 24
6 28
7 8
8 12
9 14
10 5
11 45
12 31
13 27
14 11
15 41
16 45
17 42
18 27
19 36
20 41
21 4
22 2
23 3
24 42
25 32
26 21
27 16
28 18
29 45
30 47
31 26
32 21
33 38
34 19
35 12
36 17
37 49
38 35
39 44
40 3
41 11
42 22
43 33
44 23
45 14
46 41
47 11
48 3
49 18
50 47
51 44
52 12
53 7
54 37
55 9
56 23
57 41
58 29
59 28
60 16
61 35
62 40
63 42
64 38
65 6
66 40
67 42
68 14
69 48
70 46
71 5
72 40
73 29
74 20
75 0
76 6
77 1
78 43
79 48
80 29
81 23
82 34
83 4
84 6
85 40
86 16
87 26
88 31
89 8
90 44
91 39
92 26
93 23
94 37
95 38
96 18
97 32
98 29
99 41
100 33
101 15
102 39
103 8
104 4
105 30
106 27
107 6
108 23
109 36
110 21
111 45
112 24
113 22
114 20
115 29
116 27
117 23
118 47
119 12
120 36
121 40
122 11
123 36
124 5
125 17
126 5
127 24
128 31
129 2
130 0
131 0
132 41
133 24
134 16
135 30
136 7
137 41
138 7
139 37
140 7
141 37
142 3
143 33
144 45
145 9
146 9
147 8
148 21
149 38
150 22
151 46
152 6
153 30
154 13
155 18
156 0
157 41
158 12
159 5
160 10
161 9
162 24
163 37
164 48
165 33
166 45
167 41
168 2
169 0
170 41
171 36
172 24
173 20
174 46
175 21
176 48
177 49
178 18
179 34
180 31
181 34
182 3
183 49
184 18
185 38
186 0
187 38
188 27
189 17
190 28
191 43
192 48
193 33
194 7
195 21
196 10
197 17
198 13
199 14
